0.1 1.88795
1000.1 1.90158
2000.1 1.94671
3000.1 1.9982
4000.1 2.12504
5000.1 3.01103
6000.09 5.65783
7000.09 5.79093
8000.09 6.00616
9000.09 6.14907
10000.1 6.23197
11000.1 6.09039
12000.1 6.14649
13000.1 6.17408
14000.1 6.16528
15000.1 6.15372
16000.1 6.17849
17000.1 6.04764
18000.1 6.22278
19000.1 6.17559
20000.1 6.01439
21000.1 6.2201
22000.1 5.96404
23000.1 6.11342
24000.1 6.07339
25000.1 6.04719
26000.1 6.08585
27000.1 6.1219
28000.1 5.96188
29000.1 5.92754
30000.1 6.00705
31000.1 6.09829
32000.1 6.03887
33000.1 5.9418
34000.1 6.01724
35000.1 5.97869
36000.1 5.88655
37000.1 5.88492
38000.1 5.87301
39000.1 5.88227
40000.1 5.9468
41000.1 5.96511
42000.1 5.86241
43000.1 5.89706
44000.1 5.8209
45000.1 5.85836
46000.1 5.82437
47000.1 5.75326
48000.1 5.96611
49000.1 5.79906
50000 5.77146
51000 5.88674
52000 5.73871
53000 5.81179
54000 5.73054
55000 5.68822
56000 5.61481
57000 5.65693
58000 5.59363
59000 5.64263
60000 5.52714
61000 5.43167
62000 5.33749
63000 5.42581
64000 5.49636
65000 5.35263
66000 5.33829
67000 5.25497
68000 5.00569
69000 5.00347
70000 5.03744
71000 5.11691
72000 5.18321
73000 4.72646
74000 4.58571
75000 4.49289
76000 4.57829
77000 4.43734
78000 4.45225
79000 4.32147
80000 4.24628
81000 3.92818
82000 3.97139
83000 4.02621
84000 3.88114
85000 3.84787
86000 3.57749
87000 3.72299
88000 3.37986
89000 3.42386
90000 3.59262
91000 3.37786
92000 3.16038
93000 3.1194
94000 3.03555
95000 2.95485
96000 2.89753
97000 2.92464
98000 2.7793
99000 2.54633
100000 2.69196
