0.1 1.86825
1000.1 1.86231
2000.1 1.8478
3000.1 1.82373
4000.1 1.81352
5000.1 1.80146
6000.09 1.78938
7000.09 1.78142
8000.09 1.75864
9000.09 1.74876
10000.1 1.74254
11000.1 1.72844
12000.1 1.69732
13000.1 1.66651
14000.1 1.84779
15000.1 1.98887
16000.1 2.45238
17000.1 2.54102
18000.1 3.05381
19000.1 3.51096
20000.1 4.01931
21000.1 4.17397
22000.1 4.1164
23000.1 4.03245
24000.1 4.36153
25000.1 4.49799
26000.1 4.47266
27000.1 4.6053
28000.1 4.6418
29000.1 4.4784
30000.1 4.41591
31000.1 4.41867
32000.1 4.64848
33000.1 4.59441
34000.1 4.49426
35000.1 4.66215
36000.1 4.52958
37000.1 4.5885
38000.1 4.7008
39000.1 4.69209
40000.1 4.64281
41000.1 4.60789
42000.1 4.5095
43000.1 4.51823
44000.1 4.61612
45000.1 4.55123
46000.1 4.2871
47000.1 4.49458
48000.1 4.45649
49000.1 4.40499
50000 4.36413
51000 4.16528
52000 4.28654
53000 4.23377
54000 4.05181
55000 4.11635
56000 4.17137
57000 3.9281
58000 3.94167
59000 3.75165
60000 3.64013
61000 3.84331
62000 3.56277
63000 3.577
64000 3.33365
65000 3.47667
66000 3.33117
67000 3.2415
68000 3.06489
69000 3.2696
70000 3.06214
71000 2.93712
72000 2.82506
73000 2.91609
74000 2.80921
75000 2.62267
76000 2.64706
77000 2.55974
78000 2.60714
79000 2.59698
80000 2.55768
81000 2.37852
82000 2.46937
83000 2.37509
84000 2.31193
85000 2.28567
86000 2.18274
87000 2.02861
88000 2.13836
89000 1.92684
90000 2.0037
91000 1.98307
92000 1.89657
93000 1.85943
94000 1.84696
95000 1.79315
96000 1.81992
97000 1.71598
98000 1.75647
99000 1.69962
100000 1.68604
