0.1 1.8569
1000.1 1.84307
2000.1 1.83643
3000.1 1.82277
4000.1 1.80278
5000.1 1.7965
6000.09 1.78159
7000.09 1.76866
8000.09 1.76094
9000.09 1.73757
10000.1 1.73701
11000.1 1.7254
12000.1 1.72436
13000.1 1.72175
14000.1 2.06669
15000.1 1.78172
16000.1 3.07494
17000.1 3.42108
18000.1 4.17941
19000.1 4.27443
20000.1 4.58777
21000.1 4.81187
22000.1 4.79902
23000.1 4.84787
24000.1 4.63178
25000.1 5.05731
26000.1 5.00499
27000.1 4.9519
28000.1 4.96159
29000.1 5.05402
30000.1 5.00023
31000.1 4.94561
32000.1 4.94102
33000.1 5.01752
34000.1 4.81654
35000.1 5.07004
36000.1 5.1158
37000.1 4.9314
38000.1 5.15893
39000.1 5.3796
40000.1 5.08843
41000.1 4.97107
42000.1 5.09428
43000.1 5.12707
44000.1 5.06393
45000.1 5.07567
46000.1 5.17283
47000.1 4.97527
48000.1 5.29939
49000.1 4.98761
50000 4.95648
51000 5.24389
52000 5.1048
53000 5.02969
54000 5.03158
55000 4.9839
56000 5.05838
57000 5.07431
58000 5.13699
59000 5.19276
60000 5.11291
61000 4.93726
62000 5.11575
63000 5.00707
64000 4.93195
65000 4.90729
66000 4.93387
67000 4.88413
68000 4.82735
69000 4.84926
70000 4.9673
71000 4.91725
72000 4.70832
73000 4.68272
74000 4.72409
75000 4.68843
76000 4.51529
77000 4.57311
78000 4.33102
79000 4.29507
80000 4.45466
81000 4.27412
82000 4.28774
83000 4.14418
84000 4.0998
85000 3.89072
86000 3.9557
87000 3.96089
88000 3.85802
89000 3.8354
90000 3.7193
91000 3.90669
92000 3.43538
93000 3.58875
94000 3.71659
95000 3.51789
96000 3.4754
97000 3.15637
98000 3.29663
99000 3.23874
100000 3.14845
