0.1 1.86209
1000.1 1.8332
2000.1 1.82548
3000.1 1.80522
4000.1 1.79734
5000.1 1.78354
6000.09 1.77262
7000.09 1.75577
8000.09 1.75324
9000.09 1.744
10000.1 1.72614
11000.1 1.73396
12000.1 1.75081
13000.1 1.80678
14000.1 1.78145
15000.1 3.041
16000.1 4.07627
17000.1 4.7779
18000.1 4.92235
19000.1 4.96641
20000.1 5.0106
21000.1 5.24386
22000.1 5.18076
23000.1 5.27541
24000.1 5.26428
25000.1 5.46748
26000.1 5.52211
27000.1 5.39296
28000.1 5.4622
29000.1 5.41202
30000.1 5.35208
31000.1 5.42339
32000.1 5.47491
33000.1 5.46416
34000.1 5.58915
35000.1 5.38804
36000.1 5.44583
37000.1 5.35578
38000.1 5.37801
39000.1 5.56526
40000.1 5.36894
41000.1 5.49966
42000.1 5.56019
43000.1 5.3488
44000.1 5.31023
45000.1 5.38796
46000.1 5.54109
47000.1 5.47542
48000.1 5.32804
49000.1 5.37262
50000 5.51432
51000 5.4198
52000 5.27225
53000 5.4273
54000 5.19523
55000 5.4633
56000 5.38521
57000 5.43169
58000 5.35826
59000 5.35857
60000 5.42685
61000 5.2997
62000 5.34638
63000 5.3173
64000 5.245
65000 5.29356
66000 5.32366
67000 5.30832
68000 5.40118
69000 5.37788
70000 5.42094
71000 5.2544
72000 5.27423
73000 5.3017
74000 5.39202
75000 5.23607
76000 5.30343
77000 5.28215
78000 5.23685
79000 5.1745
80000 5.3195
81000 5.25098
82000 5.11219
83000 5.14327
84000 5.26546
85000 5.22952
86000 5.15254
87000 5.25881
88000 5.3162
89000 5.27484
90000 5.0874
91000 5.26524
92000 5.29952
93000 5.2432
94000 5.06356
95000 5.22797
96000 5.19467
97000 5.3098
98000 5.27611
99000 5.16525
100000 5.13618
