0.1 1.81653
1000.1 1.79638
2000.1 1.78705
3000.1 1.77332
4000.1 1.75661
5000.1 1.74166
6000.09 1.72982
7000.09 1.71427
8000.09 1.70791
9000.09 1.69765
10000.1 1.69114
11000.1 1.69598
12000.1 1.69565
13000.1 1.73703
14000.1 1.78957
15000.1 3.87076
16000.1 4.66883
17000.1 5.4611
18000.1 5.49295
19000.1 5.616
20000.1 5.60223
21000.1 5.62866
22000.1 5.61609
23000.1 5.7267
24000.1 5.751
25000.1 5.71496
26000.1 5.84163
27000.1 5.76003
28000.1 5.71993
29000.1 5.81681
30000.1 5.79014
31000.1 5.78178
32000.1 5.79281
33000.1 5.74827
34000.1 5.75718
35000.1 5.81085
36000.1 5.74925
37000.1 5.70867
38000.1 5.80849
39000.1 5.79861
40000.1 5.8069
41000.1 5.79997
42000.1 5.77815
43000.1 5.7865
44000.1 5.76943
45000.1 5.76627
46000.1 5.78168
47000.1 5.76904
48000.1 5.71169
49000.1 5.70348
50000 5.6753
51000 5.7653
52000 5.66134
53000 5.68124
54000 5.69374
55000 5.71007
56000 5.71522
57000 5.67811
58000 5.71791
59000 5.67681
60000 5.64517
61000 5.70472
62000 5.63778
63000 5.65253
64000 5.6725
65000 5.60942
66000 5.62345
67000 5.64687
68000 5.61795
69000 5.63966
70000 5.6124
71000 5.5847
72000 5.62519
73000 5.52012
74000 5.57091
75000 5.58321
76000 5.57542
77000 5.55435
78000 5.57683
79000 5.49084
80000 5.56566
81000 5.5837
82000 5.60047
83000 5.50978
84000 5.49372
85000 5.5508
86000 5.48039
87000 5.51291
88000 5.51554
89000 5.55743
90000 5.434
91000 5.45765
92000 5.53521
93000 5.45635
94000 5.49363
95000 5.49545
96000 5.46614
97000 5.49635
98000 5.45073
99000 5.43167
100000 5.46141
