0.1 1.83769
1000.1 1.82572
2000.1 1.80688
3000.1 1.79364
4000.1 1.78016
5000.1 1.77253
6000.09 1.76101
7000.09 1.74476
8000.09 1.73601
9000.09 1.72994
10000.1 1.73068
11000.1 1.74224
12000.1 1.72906
13000.1 2.20459
14000.1 1.97868
15000.1 2.65285
16000.1 5.02432
17000.1 5.33561
18000.1 5.4303
19000.1 5.47006
20000.1 5.75676
21000.1 5.73228
22000.1 5.77185
23000.1 5.71424
24000.1 5.73557
25000.1 5.73118
26000.1 5.74402
27000.1 5.84826
28000.1 5.84495
29000.1 5.81444
30000.1 5.75989
31000.1 5.84165
32000.1 5.78631
33000.1 5.80759
34000.1 5.67359
35000.1 5.81746
36000.1 5.69343
37000.1 5.8388
38000.1 5.89515
39000.1 5.72598
40000.1 5.85548
41000.1 5.75912
42000.1 5.91407
43000.1 5.8119
44000.1 5.76958
45000.1 5.83343
46000.1 5.80324
47000.1 5.73488
48000.1 5.82607
49000.1 5.76211
50000 5.8399
51000 5.78104
52000 5.69643
53000 5.61301
54000 5.80843
55000 5.70018
56000 5.73188
57000 5.70307
58000 5.69965
59000 5.56275
60000 5.54511
61000 5.76175
62000 5.67639
63000 5.65316
64000 5.69892
65000 5.68243
66000 5.75279
67000 5.63693
68000 5.73569
69000 5.67425
70000 5.58149
71000 5.55954
72000 5.63964
73000 5.73979
74000 5.58526
75000 5.5138
76000 5.53465
77000 5.479
78000 5.66008
79000 5.56555
80000 5.46723
81000 5.70284
82000 5.49266
83000 5.47196
84000 5.67481
85000 5.62797
86000 5.37767
87000 5.49794
88000 5.55306
89000 5.52976
90000 5.50172
91000 5.47368
92000 5.411
93000 5.45153
94000 5.39921
95000 5.45001
96000 5.49174
97000 5.47014
98000 5.51277
99000 5.56427
100000 5.56434
