0.1 1.89179
1000.1 1.89066
2000.1 1.8772
3000.1 1.85392
4000.1 1.83259
5000.1 1.81813
6000.09 1.79197
7000.09 1.77034
8000.09 1.73783
9000.09 1.69575
10000.1 1.62633
11000.1 1.54666
12000.1 1.45601
13000.1 1.43215
14000.1 1.46803
15000.1 1.57193
16000.1 1.6278
17000.1 1.62251
18000.1 1.7271
19000.1 1.69329
20000.1 1.78023
21000.1 1.88458
22000.1 1.94766
23000.1 1.74617
24000.1 1.81527
25000.1 1.88355
26000.1 2.06371
27000.1 1.93193
28000.1 1.90577
29000.1 1.91118
30000.1 1.89827
31000.1 1.83402
32000.1 1.72988
33000.1 1.77394
34000.1 1.76587
35000.1 1.78341
36000.1 1.77368
37000.1 1.69272
38000.1 1.65185
39000.1 1.59182
40000.1 1.62606
41000.1 1.48342
42000.1 1.47174
43000.1 1.43246
44000.1 1.44333
45000.1 1.44957
46000.1 1.40261
47000.1 1.33091
48000.1 1.3368
49000.1 1.39494
50000 1.23869
51000 1.29579
52000 1.2326
53000 1.21978
54000 1.1001
55000 1.12846
56000 1.05591
57000 1.10101
58000 1.04843
59000 1.08236
60000 0.970853
61000 0.961566
62000 0.937745
63000 0.902525
64000 0.909109
65000 0.889602
66000 0.91966
67000 0.862736
68000 0.878712
69000 0.804909
70000 0.829133
71000 0.783746
72000 0.833293
73000 0.756881
74000 0.72702
75000 0.740933
76000 0.716086
77000 0.69687
78000 0.683292
79000 0.657911
80000 0.615778
81000 0.619696
82000 0.616336
83000 0.588042
84000 0.599853
85000 0.560384
86000 0.56331
87000 0.535774
88000 0.564293
89000 0.515455
90000 0.519791
91000 0.477557
92000 0.50455
93000 0.472589
94000 0.502464
95000 0.471424
96000 0.447233
97000 0.445781
98000 0.437587
99000 0.414223
100000 0.410054
