0.1 1.88996
1000.1 1.88123
2000.1 1.86407
3000.1 1.83525
4000.1 1.82957
5000.1 1.80838
6000.09 1.7934
7000.09 1.77365
8000.09 1.76749
9000.09 1.7388
10000.1 1.71416
11000.1 1.6945
12000.1 1.6188
13000.1 1.58143
14000.1 1.59031
15000.1 1.78447
16000.1 1.92336
17000.1 1.99108
18000.1 2.5746
19000.1 2.36249
20000.1 2.41427
21000.1 2.86173
22000.1 2.54233
23000.1 3.2677
24000.1 3.15304
25000.1 3.25473
26000.1 3.08416
27000.1 3.34216
28000.1 3.01808
29000.1 3.15612
30000.1 3.41791
31000.1 3.03878
32000.1 3.58113
33000.1 3.28837
34000.1 3.11317
35000.1 3.02131
36000.1 2.91466
37000.1 2.98433
38000.1 2.93539
39000.1 2.73081
40000.1 3.02199
41000.1 2.94214
42000.1 2.81436
43000.1 2.92201
44000.1 2.80098
45000.1 2.7098
46000.1 2.77291
47000.1 2.5855
48000.1 2.63573
49000.1 2.5286
50000 2.19252
51000 2.30174
52000 2.35206
53000 2.32106
54000 2.35689
55000 2.1025
56000 2.10273
57000 2.10625
58000 2.13629
59000 1.97711
60000 1.93309
61000 1.83148
62000 1.91126
63000 1.75953
64000 1.79706
65000 1.72209
66000 1.72879
67000 1.75106
68000 1.62935
69000 1.6849
70000 1.67649
71000 1.52321
72000 1.49907
73000 1.52808
74000 1.44236
75000 1.41603
76000 1.36237
77000 1.36157
78000 1.30741
79000 1.31321
80000 1.25116
81000 1.31072
82000 1.22707
83000 1.22317
84000 1.22477
85000 1.17446
86000 1.15924
87000 1.13367
88000 1.08348
89000 1.06706
90000 1.04707
91000 1.04825
92000 1.04274
93000 0.992641
94000 0.957233
95000 0.971268
96000 1.00062
97000 0.900726
98000 0.882605
99000 0.892925
100000 0.85317
